5 4
12 4
13 4
19 4
22 4
32 6
32 10
33 4
33 8
34 6
34 10
35 4
35 8
36 6
37 4
38 6
39 4
54 4
55 4
57 6
58 4
69 6
69 10
70 4
70 8
71 6
71 10
72 4
72 8
73 6
74 4
75 6
76 4
88 4
89 4
89 10
90 8
91 6
92 4
95 4
106 6
107 4
115 6
116 4
123 4
124 4
126 6
127 4
138 6
138 10
139 4
139 8
140 6
140 10
141 4
141 8
142 6
143 4
144 6
145 4
157 4
158 4
158 10
159 8
160 6
161 4
164 4
174 8
175 6
176 4
182 4
189 4
190 4
192 6
193 4
204 6
204 10
205 4
205 8
206 6
206 10
207 4
207 8
208 6
209 4
210 6
211 4
225 6
226 4
227 6
228 4
240 4
241 4
241 10
242 8
243 6
244 4
247 4
257 6
257 10
258 4
258 8
259 6
259 10
260 4
260 8
261 6
262 4
263 6
264 4
279 4
280 4
282 6
283 4
294 6
294 10
295 4
295 8
296 6
296 10
297 4
297 8
298 6
299 4
300 6
301 4
313 4
314 4
314 10
315 8
316 6
317 4
320 4
330 8
331 6
332 4
338 4
345 4
346 4
348 6
349 4
360 6
360 10
361 4
361 8
362 6
362 10
363 4
363 8
364 6
365 4
366 6
367 4
381 6
382 4
383 6
384 4
396 4
397 4
397 10
398 8
399 6
400 4
403 4
413 6
413 10
414 4
414 8
415 6
415 10
416 4
416 8
417 6
418 4
419 6
420 4
435 4
436 4
438 6
439 4
450 6
450 10
451 4
451 8
452 6
452 10
453 4
453 8
454 6
455 4
456 6
457 4
469 4
470 4
470 10
471 8
472 6
473 4
476 4
487 6
488 4
496 6
497 4
504 4
505 4
507 6
508 4
519 6
519 10
520 4
520 8
521 6
521 10
522 4
522 8
523 6
524 4
525 6
526 4
538 4
539 4
539 10
540 8
541 6
542 4
545 4
555 8
556 6
557 4
563 4
570 4
571 4
573 6
574 4
585 6
585 10
586 4
586 8
587 6
587 10
588 4
588 8
589 6
590 4
591 6
592 4
606 6
607 4
608 6
609 4
621 4
622 4
622 10
623 8
624 6
625 4
628 4
638 6
638 10
639 4
639 8
640 6
640 10
641 4
641 8
642 6
643 4
644 6
645 4
660 4
661 4
663 6
664 4
675 6
675 10
676 4
676 8
677 6
677 10
678 4
678 8
679 6
680 4
681 6
682 4
694 4
695 4
695 10
696 8
697 6
698 4
701 4
711 8
712 6
713 4
719 4
726 4
727 4
729 6
730 4
741 6
741 10
742 4
742 8
743 6
743 10
744 4
744 8
745 6
746 4
747 6
748 4
762 6
763 4
764 6
765 4
777 4
778 4
778 10
779 8
780 6
781 4
784 4
794 6
794 10
795 4
795 8
796 6
796 10
797 4
797 8
798 6
799 4
800 6
801 4
816 4
817 4
819 6
820 4
831 6
831 10
832 4
832 8
833 6
833 10
834 4
834 8
835 6
836 4
837 6
838 4
850 4
851 4
851 10
852 8
853 6
854 4
857 4
867 8
868 6
869 4
875 4
882 4
883 4
885 6
886 4
897 6
897 10
898 4
898 8
899 6
899 10
900 4
900 8
901 6
902 4
903 6
904 4
918 6
919 4
920 6
921 4
933 4
934 4
934 10
935 8
936 6
937 4
940 4
950 6
950 10
951 4
951 8
952 6
952 10
953 4
953 8
954 6
955 4
956 6
957 4
966 6
966 10
967 4
967 8
968 6
969 4
970 6
971 4
983 4
984 4
984 10
985 8
986 6
987 4
990 4
1000 8
1001 6
1002 4
1008 4
1015 4
1016 4
1018 6
1019 4
1030 6
1030 10
1031 4
1031 8
1032 6
1032 10
1033 4
1033 8
1034 6
1035 4
1036 6
1037 4
1051 6
1052 4
1053 6
1054 4
1066 4
1067 4
1067 10
1068 8
1069 6
1070 4
1073 4
1083 6
1083 10
1084 4
1084 8
1085 6
1085 10
1086 4
1086 8
1087 6
1088 4
1089 6
1090 4
1102 4
1103 4
1105 6
1106 4
1117 6
1117 10
1118 4
1118 8
1119 6
1119 10
1120 4
1120 8
1121 6
1122 4
1123 6
1124 4
1136 4
1137 4
1137 10
1138 8
1139 6
1140 4
1143 4
1158 4
1165 4
1166 4
1168 6
1169 4
1180 6
1181 4
1188 4
1189 4
1191 6
1192 4
1203 6
1203 10
1204 4
1204 8
1205 6
1205 10
1206 4
1206 8
1207 6
1208 4
1209 6
1210 4
1222 4
1223 4
1223 10
1224 8
1225 6
1226 4
1229 4
1239 8
1240 6
1241 4
1247 4
1254 4
1255 4
1257 6
1258 4
1269 6
1269 10
1270 4
1270 8
1271 6
1271 10
1272 4
1272 8
1273 6
1274 4
1275 6
1276 4
1290 6
1291 4
1292 6
1293 4
1305 4
1306 4
1306 10
1307 8
1308 6
1309 4
1312 4
1322 6
1322 10
1323 4
1323 8
1324 6
1324 10
1325 4
1325 8
1326 6
1327 4
1328 6
1329 4
1344 4
1345 4
1347 6
1348 4
1359 6
1359 10
1360 4
1360 8
1361 6
1361 10
1362 4
1362 8
1363 6
1364 4
1365 6
1366 4
1378 4
1379 4
1379 10
1380 8
1381 6
1382 4
1385 4
1395 8
1396 6
1397 4
1403 4
1410 4
1411 4
1413 6
1414 4
1425 6
1425 10
1426 4
1426 8
1427 6
1427 10
1428 4
1428 8
1429 6
1430 4
1431 6
1432 4
1446 6
1447 4
1448 6
1449 4
1461 4
1462 4
1462 10
1463 8
1464 6
1465 4
1468 4
1478 6
1478 10
1479 4
1479 8
1480 6
1480 10
1481 4
1481 8
1482 6
1483 4
1484 6
1485 4
1500 4
1501 4
1503 6
1504 4
1515 6
1515 10
1516 4
1516 8
1517 6
1517 10
1518 4
1518 8
1519 6
1520 4
1521 6
1522 4
1534 4
1535 4
1535 10
1536 8
1537 6
1538 4
1541 4
1552 6
1553 4
1561 6
1562 4
1569 4
1570 4
1572 6
1573 4
1584 6
1584 10
1585 4
1585 8
1586 6
1586 10
1587 4
1587 8
1588 6
1589 4
1590 6
1591 4
1603 4
1604 4
1604 10
1605 8
1606 6
1607 4
1610 4
1620 8
1621 6
1622 4
1628 4
1635 4
1636 4
1638 6
1639 4
1650 6
1650 10
1651 4
1651 8
1652 6
1652 10
1653 4
1653 8
1654 6
1655 4
1656 6
1657 4
1671 6
1672 4
1673 6
1674 4
1686 4
1687 4
1687 10
1688 8
1689 6
1690 4
1693 4
1703 6
1703 10
1704 4
1704 8
1705 6
1705 10
1706 4
1706 8
1707 6
1708 4
1709 6
1710 4
1725 4
1726 4
1728 6
1729 4
1740 6
1740 10
1741 4
1741 8
1742 6
1742 10
1743 4
1743 8
1744 6
1745 4
1746 6
1747 4
1759 4
1760 4
1760 10
1761 8
1762 6
1763 4
1766 4
1776 8
1777 6
1778 4
1784 4
1791 4
1792 4
1794 6
1795 4
1806 6
1806 10
1807 4
1807 8
1808 6
1808 10
1809 4
1809 8
1810 6
1811 4
1812 6
1813 4
1827 6
1828 4
1829 6
1830 4
1842 4
1843 4
1843 10
1844 8
1845 6
1846 4
1849 4
1859 6
1859 10
1860 4
1860 8
1861 6
1861 10
1862 4
1862 8
1863 6
1864 4
1865 6
1866 4
1881 4
1882 4
1884 6
1885 4
1896 6
1896 10
1897 4
1897 8
1898 6
1898 10
1899 4
1899 8
1900 6
1901 4
1902 6
1903 4
1915 4
1916 4
1916 10
1917 8
1918 6
1919 4
1922 4
1933 6
1934 4
1942 6
1943 4
1950 4
1951 4
1953 6
1954 4
1965 6
1965 10
1966 4
1966 8
1967 6
1967 10
1968 4
1968 8
1969 6
1970 4
1971 6
1972 4
1984 4
1985 4
1985 10
1986 8
1987 6
1988 4
1991 4
2001 8
2002 6
2003 4
2009 4
2016 4
2017 4
2019 6
2020 4
2031 6
2031 10
2032 4
2032 8
2033 6
2033 10
2034 4
2034 8
2035 6
2036 4
2037 6
2038 4
2052 6
2053 4
2054 6
2055 4
2067 4
2068 4
2068 10
2069 8
2070 6
2071 4
2074 4
2084 6
2084 10
2085 4
2085 8
2086 6
2086 10
2087 4
2087 8
2088 6
2089 4
2090 6
2091 4
2106 4
2107 4
2109 6
2110 4
2121 6
2121 10
2122 4
2122 8
2123 6
2123 10
2124 4
2124 8
2125 6
2126 4
2127 6
2128 4
2140 4
2141 4
2141 10
2142 8
2143 6
2144 4
2147 4
2157 8
2158 6
2159 4
2165 4
2172 4
2173 4
2175 6
2176 4
2187 6
2187 10
2188 4
2188 8
2189 6
2189 10
2190 4
2190 8
2191 6
2192 4
2193 6
2194 4
2207 4
2216 6
2217 4
2224 4
2225 4
2227 6
2228 4
2239 6
2239 10
2240 4
2240 8
2241 6
2241 10
2242 4
2242 8
2243 6
2244 4
2245 6
2246 4
2258 4
2259 4
2259 10
2260 8
2261 6
2262 4
2265 4
2275 8
2276 6
2277 4
2283 4
2290 4
2291 4
2293 6
2294 4
2305 6
2305 10
2306 4
2306 8
2307 6
2307 10
2308 4
2308 8
2309 6
2310 4
2311 6
2312 4
2326 6
2327 4
2328 6
2329 4
2341 4
2342 4
2342 10
2343 8
2344 6
2345 4
2348 4
2358 6
2358 10
2359 4
2359 8
2360 6
2360 10
2361 4
2361 8
2362 6
2363 4
2364 6
2365 4
2380 4
2381 4
2383 6
2384 4
2395 6
2395 10
2396 4
2396 8
2397 6
2397 10
2398 4
2398 8
2399 6
2400 4
2401 6
2402 4
2414 4
2415 4
2415 10
2416 8
2417 6
2418 4
2421 4
2431 8
2432 6
2433 4
2439 4
2446 4
2447 4
2449 6
2450 4
2461 6
2461 10
2462 4
2462 8
2463 6
2463 10
2464 4
2464 8
2465 6
2466 4
2467 6
2468 4
2482 6
2483 4
2484 6
2485 4
2497 4
2498 4
2498 10
2499 8
2500 6
2501 4
2504 4
2514 6
2514 10
2515 4
2515 8
2516 6
2516 10
2517 4
2517 8
2518 6
2519 4
2520 6
2521 4
2536 4
2537 4
2539 6
2540 4
2551 6
2551 10
2552 4
2552 8
2553 6
2553 10
2554 4
2554 8
2555 6
2556 4
2557 6
2558 4
2570 4
2571 4
2574 4
2589 4
2590 4
2590 10
2591 8
2592 6
2593 4
2596 4
2611 4
2618 4
2619 4
2621 6
2622 4
2633 6
2634 4
2641 4
2642 4
2644 6
2645 4
2656 6
2656 10
2657 4
2657 8
2658 6
2658 10
2659 4
2659 8
2660 6
2661 4
2662 6
2663 4
2675 4
2676 4
2676 10
2677 8
2678 6
2679 4
2682 4
2692 8
2693 6
2694 4
2700 4
2707 4
2708 4
2710 6
2711 4
2722 6
2722 10
2723 4
2723 8
2724 6
2724 10
2725 4
2725 8
2726 6
2727 4
2728 6
2729 4
2743 6
2744 4
2745 6
2746 4
2758 4
2759 4
2759 10
2760 8
2761 6
2762 4
2765 4
2775 6
2775 10
2776 4
2776 8
2777 6
2777 10
2778 4
2778 8
2779 6
2780 4
2781 6
2782 4
2797 4
2798 4
2800 6
2801 4
2812 6
2812 10
2813 4
2813 8
2814 6
2814 10
2815 4
2815 8
2816 6
2817 4
2818 6
2819 4
2831 4
2832 4
2832 10
2833 8
2834 6
2835 4
2838 4
2848 8
2849 6
2850 4
2856 4
2863 4
2864 4
2866 6
2867 4
2878 6
2878 10
2879 4
2879 8
2880 6
2880 10
2881 4
2881 8
2882 6
2883 4
2884 6
2885 4
2899 6
2900 4
2901 6
2902 4
2914 4
2915 4
2915 10
2916 8
2917 6
2918 4
2921 4
2931 6
2931 10
2932 4
2932 8
2933 6
2933 10
2934 4
2934 8
2935 6
2936 4
2937 6
2938 4
2953 4
2954 4
2956 6
2957 4
2968 6
2968 10
2969 4
2969 8
2970 6
2970 10
2971 4
2971 8
2972 6
2973 4
2974 6
2975 4
2987 4
2988 4
2988 10
2989 8
2990 6
2991 4
2994 4
3005 6
3006 4
3014 6
3015 4
3022 4
3023 4
3025 6
3026 4
3037 6
3037 10
3038 4
3038 8
3039 6
3039 10
3040 4
3040 8
3041 6
3042 4
3043 6
3044 4
3056 4
3057 4
3057 10
3058 8
3059 6
3060 4
3063 4
3073 8
3074 6
3075 4
3081 4
3088 4
3089 4
3091 6
3092 4
3103 6
3103 10
3104 4
3104 8
3105 6
3105 10
3106 4
3106 8
3107 6
3108 4
3109 6
3110 4
3124 6
3125 4
3126 6
3127 4
3139 4
3140 4
3140 10
3141 8
3142 6
3143 4
3146 4
3156 6
3156 10
3157 4
3157 8
3158 6
3158 10
3159 4
3159 8
3160 6
3161 4
3162 6
3163 4
3178 4
3179 4
3181 6
3182 4
3193 6
3193 10
3194 4
3194 8
3195 6
3195 10
3196 4
3196 8
3197 6
3198 4
3199 6
3200 4
3212 4
3213 4
3213 10
3214 8
3215 6
3216 4
3219 4
3229 8
3230 6
3231 4
3237 4
3244 4
3245 4
3247 6
3248 4
3259 6
3259 10
3260 4
3260 8
3261 6
3261 10
3262 4
3262 8
3263 6
3264 4
3265 6
3266 4
3280 6
3281 4
3282 6
3283 4
3295 4
3296 4
3296 10
3297 8
3298 6
3299 4
3302 4
3312 6
3312 10
3313 4
3313 8
3314 6
3314 10
3315 4
3315 8
3316 6
3317 4
3318 6
3319 4
3334 4
3335 4
3337 6
3338 4
3349 6
3349 10
3350 4
3350 8
3351 6
3351 10
3352 4
3352 8
3353 6
3354 4
3355 6
3356 4
3368 4
3369 4
3369 10
3370 8
3371 6
3372 4
3375 4
3386 6
3387 4
3395 6
3396 4
3403 4
3404 4
3406 6
3407 4
3418 6
3418 10
3419 4
3419 8
3420 6
3420 10
3421 4
3421 8
3422 6
3423 4
3424 6
3425 4
3437 4
3438 4
3438 10
3439 8
3440 6
3441 4
3444 4
3454 8
3455 6
3456 4
3462 4
3469 4
3470 4
3472 6
3473 4
3484 6
3484 10
3485 4
3485 8
3486 6
3486 10
3487 4
3487 8
3488 6
3489 4
3490 6
3491 4
3505 6
3506 4
3507 6
3508 4
3520 4
3521 4
3521 10
3522 8
3523 6
3524 4
3527 4
3537 6
3537 10
3538 4
3538 8
3539 6
3539 10
3540 4
3540 8
3541 6
3542 4
3543 6
3544 4
3559 4
3560 4
3562 6
3563 4
3574 6
3574 10
3575 4
3575 8
3576 6
3576 10
3577 4
3577 8
3578 6
3579 4
3580 6
3581 4
3593 4
3594 4
3594 10
3595 8
3596 6
3597 4
3600 4
3610 8
3611 6
3612 4
3618 4
3625 4
3626 4
3628 6
3629 4
3640 6
3640 10
3641 4
3641 8
3642 6
3642 10
3643 4
3643 8
3644 6
3645 4
3646 6
3647 4
3660 4
3669 6
3670 4
3677 4
3678 4
3680 6
3681 4
3692 6
3692 10
3693 4
3693 8
3694 6
3694 10
3695 4
3695 8
3696 6
3697 4
3698 6
3699 4
3711 4
3712 4
3712 10
3713 8
3714 6
3715 4
3718 4
3728 8
3729 6
3730 4
3736 4
3743 4
3744 4
3746 6
3747 4
3758 6
3758 10
3759 4
3759 8
3760 6
3760 10
3761 4
3761 8
3762 6
3763 4
3764 6
3765 4
3779 6
3780 4
3781 6
3782 4
3794 4
3795 4
3795 10
3796 8
3797 6
3798 4
3801 4
3811 6
3811 10
3812 4
3812 8
3813 6
3813 10
3814 4
3814 8
3815 6
3816 4
3817 6
3818 4
3833 4
3834 4
3836 6
3837 4
3848 6
3848 10
3849 4
3849 8
3850 6
3850 10
3851 4
3851 8
3852 6
3853 4
3854 6
3855 4
3867 4
3868 4
3868 10
3869 8
3870 6
3871 4
3874 4
3884 8
3885 6
3886 4
3892 4
3899 4
3900 4
3902 6
3903 4
3914 6
3914 10
3915 4
3915 8
3916 6
3916 10
3917 4
3917 8
3918 6
3919 4
3920 6
3921 4
3935 6
3936 4
3937 6
3938 4
3950 4
3951 4
3951 10
3952 8
3953 6
3954 4
3957 4
3967 6
3967 10
3968 4
3968 8
3969 6
3969 10
3970 4
3970 8
3971 6
3972 4
3973 6
3974 4
3989 4
3990 4
3992 6
3993 4
4004 6
4004 10
4005 4
4005 8
4006 6
4006 10
4007 4
4007 8
4008 6
4009 4
4010 6
4011 4
4023 4
4024 4
4024 10
4025 8
4026 6
4027 4
4030 4
4045 4
4052 4
4053 4
4055 6
4056 4
4067 6
4068 4
4075 4
4076 4
4078 6
4079 4
4090 6
4090 10
4091 4
4091 8
4092 6
4092 10
4093 4
4093 8
4094 6
4095 4
4096 6
4097 4
4109 4
4110 4
4110 10
4111 8
4112 6
4113 4
4116 4
4126 8
4127 6
4128 4
4134 4
4141 4
4142 4
4144 6
4145 4
4156 6
4156 10
4157 4
4157 8
4158 6
4158 10
4159 4
4159 8
4160 6
4161 4
4162 6
4163 4
4177 6
4178 4
4179 6
4180 4
4192 4
4193 4
4193 10
4194 8
4195 6
4196 4
4199 4
4209 6
4209 10
4210 4
4210 8
4211 6
4211 10
4212 4
4212 8
4213 6
4214 4
4215 6
4216 4
4231 4
4232 4
4234 6
4235 4
4246 6
4246 10
4247 4
4247 8
4248 6
4248 10
4249 4
4249 8
4250 6
4251 4
4252 6
4253 4
4265 4
4266 4
4266 10
4267 8
4268 6
4269 4
4272 4
4282 8
4283 6
4284 4
4290 4
4297 4
4298 4
4300 6
4301 4
4312 6
4312 10
4313 4
4313 8
4314 6
4314 10
4315 4
4315 8
4316 6
4317 4
4318 6
4319 4
4333 6
4334 4
4335 6
4336 4
4348 4
4349 4
4349 10
4350 8
4351 6
4352 4
4355 4
4365 6
4365 10
4366 4
4366 8
4367 6
4367 10
4368 4
4368 8
4369 6
4370 4
4371 6
4372 4
4387 4
4388 4
4390 6
4391 4
4402 6
4402 10
4403 4
4403 8
4404 6
4404 10
4405 4
4405 8
4406 6
4407 4
4408 6
4409 4
4421 4
4422 4
4422 10
4423 8
4424 6
4425 4
4428 4
4443 4
4450 4
4451 4
4453 6
4454 4
4465 6
4466 4
4473 4
4474 4
4476 6
4477 4
4488 6
4488 10
4489 4
4489 8
4490 6
4490 10
4491 4
4491 8
4492 6
4493 4
4494 6
4495 4
4507 4
4508 4
4508 10
4509 8
4510 6
4511 4
4514 4
4524 8
4525 6
4526 4
4532 4
4539 4
4540 4
4542 6
4543 4
4554 6
4554 10
4555 4
4555 8
4556 6
4556 10
4557 4
4557 8
4558 6
4559 4
4560 6
4561 4
4575 6
4576 4
4577 6
4578 4
4590 4
4591 4
4591 10
4592 8
4593 6
4594 4
4597 4
4607 6
4607 10
4608 4
4608 8
4609 6
4609 10
4610 4
4610 8
4611 6
4612 4
4613 6
4614 4
4629 4
4630 4
4632 6
4633 4
4644 6
4644 10
4645 4
4645 8
4646 6
4646 10
4647 4
4647 8
4648 6
4649 4
4650 6
4651 4
4663 4
4664 4
4664 10
4665 8
4666 6
4667 4
4670 4
4680 8
4681 6
4682 4
4688 4
4695 4
4696 4
4698 6
4699 4
4710 6
4710 10
4711 4
4711 8
4712 6
4712 10
4713 4
4713 8
4714 6
4715 4
4716 6
4717 4
4731 6
4732 4
4733 6
4734 4
4746 4
4747 4
4747 10
4748 8
4749 6
4750 4
4753 4
4763 6
4763 10
4764 4
4764 8
4765 6
4765 10
4766 4
4766 8
4767 6
4768 4
4769 6
4770 4
4785 4
4786 4
4788 6
4789 4
4800 6
4800 10
4801 4
4801 8
4802 6
4802 10
4803 4
4803 8
4804 6
4805 4
4806 6
4807 4
4819 4
4820 4
4820 10
4821 8
4822 6
4823 4
4826 4
4837 6
4838 4
4846 6
4847 4
4854 4
4855 4
4857 6
4858 4
4869 6
4869 10
4870 4
4870 8
4871 6
4871 10
4872 4
4872 8
4873 6
4874 4
4875 6
4876 4
4888 4
4889 4
4889 10
4890 8
4891 6
4892 4
4895 4
4905 8
4906 6
4907 4
4913 4
4920 4
4921 4
4923 6
4924 4
4935 6
4935 10
4936 4
4936 8
4937 6
4937 10
4938 4
4938 8
4939 6
4940 4
4941 6
4942 4
4956 6
4957 4
4958 6
4959 4
4971 4
4972 4
4972 10
4973 8
4974 6
4975 4
4978 4
4988 6
4988 10
4989 4
4989 8
4990 6
4990 10
4991 4
4991 8
4992 6
4993 4
4994 6
4995 4
5010 4
5011 4
5013 6
5014 4
5025 6
5025 10
5026 4
5026 8
5027 6
5027 10
5028 4
5028 8
5029 6
5030 4
5031 6
5032 4
5044 4
5045 4
5045 10
5046 8
5047 6
5048 4
5051 4
5061 8
5062 6
5063 4
5069 4
5076 4
5077 4
5079 6
5080 4
5091 6
5091 10
5092 4
5092 8
5093 6
5093 10
5094 4
5094 8
5095 6
5096 4
5097 6
5098 4
5112 6
5112 10
5113 4
5113 8
5114 6
5114 10
5115 4
5115 8
5116 6
5117 4
5118 6
5119 4
5131 4
5132 4
5132 10
5133 8
5134 6
5135 4
5138 4
5153 4
5160 4
5161 4
5163 6
5164 4
5175 6
5176 4
5183 4
5184 4
5186 6
5187 4
5198 6
5198 10
5199 4
5199 8
5200 6
5200 10
5201 4
5201 8
5202 6
5203 4
5204 6
5205 4
5217 4
5218 4
5218 10
5219 8
5220 6
5221 4
5224 4
5234 8
5235 6
5236 4
5242 4
5249 4
5250 4
5252 6
5253 4
5264 6
5264 10
5265 4
5265 8
5266 6
5266 10
5267 4
5267 8
5268 6
5269 4
5270 6
5271 4
5285 6
5286 4
5287 6
5288 4
5300 4
5301 4
5301 10
5302 8
5303 6
5304 4
5307 4
5317 6
5317 10
5318 4
5318 8
5319 6
5319 10
5320 4
5320 8
5321 6
5322 4
5323 6
5324 4
5339 4
5340 4
5342 6
5343 4
5354 6
5354 10
5355 4
5355 8
5356 6
5356 10
5357 4
5357 8
5358 6
5359 4
5360 6
5361 4
5373 4
5374 4
5374 10
5375 8
5376 6
5377 4
5380 4
5390 8
5391 6
5392 4
5398 4
5405 4
5406 4
5408 6
5409 4
5420 6
5420 10
5421 4
5421 8
5422 6
5422 10
5423 4
5423 8
5424 6
5425 4
5426 6
5427 4
5441 6
5442 4
5443 6
5444 4
5456 4
5457 4
5457 10
5458 8
5459 6
5460 4
5463 4
5473 6
5473 10
5474 4
5474 8
5475 6
5475 10
5476 4
5476 8
5477 6
5478 4
5479 6
5480 4
5495 4
5496 4
5498 6
5499 4
5510 6
5510 10
5511 4
5511 8
5512 6
5512 10
5513 4
5513 8
5514 6
5515 4
5516 6
5517 4
5529 4
5530 4
5530 10
5531 8
5532 6
5533 4
5536 4
5547 6
5548 4
5556 6
5557 4
5564 4
5565 4
5567 6
5568 4
5579 6
5579 10
5580 4
5580 8
5581 6
5581 10
5582 4
5582 8
5583 6
5584 4
5585 6
5586 4
5598 4
5599 4
5599 10
5600 8
5601 6
5602 4
5605 4
5615 8
5616 6
5617 4
5623 4
5630 4
5631 4
5633 6
5634 4
5645 6
5645 10
5646 4
5646 8
5647 6
5647 10
5648 4
5648 8
5649 6
5650 4
5651 6
5652 4
5666 6
5667 4
5668 6
5669 4
5681 4
5682 4
5682 10
5683 8
5684 6
5685 4
5688 4
5698 6
5698 10
5699 4
5699 8
5700 6
5700 10
5701 4
5701 8
5702 6
5703 4
5704 6
5705 4
5720 4
5721 4
5723 6
5724 4
5735 6
5735 10
5736 4
5736 8
5737 6
5737 10
5738 4
5738 8
5739 6
5740 4
5741 6
5742 4
5754 4
5755 4
5755 10
5756 8
5757 6
5758 4
5761 4
5771 8
5772 6
5773 4
5779 4
5786 4
5787 4
5789 6
5790 4
5801 6
5801 10
5802 4
5802 8
5803 6
5803 10
5804 4
5804 8
5805 6
5806 4
5807 6
5808 4
5822 6
5823 4
5824 6
5825 4
5837 4
5838 4
5838 10
5839 8
5840 6
5841 4
5844 4
5854 6
5854 10
5855 4
5855 8
5856 6
5856 10
5857 4
5857 8
5858 6
5859 4
5860 6
5861 4
5876 4
5877 4
5879 6
5880 4
5891 6
5891 10
5892 4
5892 8
5893 6
5893 10
5894 4
5894 8
5895 6
5896 4
5897 6
5898 4
5910 4
5911 4
5911 10
5912 8
5913 6
5914 4
5917 4
5928 6
5929 4
5937 6
5938 4
5945 4
5946 4
5948 6
5949 4
5960 6
5960 10
5961 4
5961 8
5962 6
5962 10
5963 4
5963 8
5964 6
5965 4
5966 6
5967 4
5979 4
5980 4
5980 10
5981 8
5982 6
5983 4
5986 4
5996 8
5997 6
5998 4
6004 4
6011 4
6012 4
6014 6
6015 4
6026 6
6026 10
6027 4
6027 8
6028 6
6028 10
6029 4
6029 8
6030 6
6031 4
6032 6
6033 4
6047 6
6048 4
6049 6
6050 4
6062 4
6063 4
6063 10
6064 8
6065 6
6066 4
6069 4
6079 6
6079 10
6080 4
6080 8
6081 6
6081 10
6082 4
6082 8
6083 6
6084 4
6085 6
6086 4
6101 4
6102 4
6104 6
6105 4
6116 6
6116 10
6117 4
6117 8
6118 6
6118 10
6119 4
6119 8
6120 6
6121 4
6122 6
6123 4
6135 4
6136 4
6136 10
6137 8
6138 6
6139 4
6142 4
6152 8
6153 6
6154 4
6160 4
6167 4
6168 4
6170 6
6171 4
6182 6
6182 10
6183 4
6183 8
6184 6
6184 10
6185 4
6185 8
6186 6
6187 4
6188 6
6189 4
6202 4
6211 6
6212 4
6219 4
6220 4
6222 6
6223 4
6234 6
6234 10
6235 4
6235 8
6236 6
6236 10
6237 4
6237 8
6238 6
6239 4
6240 6
6241 4
6253 4
6254 4
6254 10
6255 8
6256 6
6257 4
6260 4
6270 8
6271 6
6272 4
6278 4
6285 4
6286 4
6288 6
6289 4
6300 6
6300 10
6301 4
6301 8
6302 6
6302 10
6303 4
6303 8
6304 6
6305 4
6306 6
6307 4
6321 6
6322 4
6323 6
6324 4
6336 4
6337 4
6337 10
6338 8
6339 6
6340 4
6343 4
6353 6
6353 10
6354 4
6354 8
6355 6
6355 10
6356 4
6356 8
6357 6
6358 4
6359 6
6360 4
6375 4
6376 4
6378 6
6379 4
6390 6
6390 10
6391 4
6391 8
6392 6
6392 10
6393 4
6393 8
6394 6
6395 4
6396 6
6397 4
6409 4
6410 4
6410 10
6411 8
6412 6
6413 4
6416 4
6426 8
6427 6
6428 4
6434 4
6441 4
6442 4
6444 6
6445 4
6456 6
6456 10
6457 4
6457 8
6458 6
6458 10
6459 4
6459 8
6460 6
6461 4
6462 6
6463 4
6477 6
6478 4
6479 6
6480 4
6492 4
6493 4
6493 10
6494 8
6495 6
6496 4
6499 4
6509 6
6509 10
6510 4
6510 8
6511 6
6511 10
6512 4
6512 8
6513 6
6514 4
6515 6
6516 4
6531 4
6532 4
6534 6
6535 4
6546 6
6546 10
6547 4
6547 8
6548 6
6548 10
6549 4
6549 8
6550 6
6551 4
6552 6
6553 4
6565 4
6566 4
6566 10
6567 8
6568 6
6569 4
6572 4
6587 4
6594 4
6595 4
6597 6
6598 4
6609 6
6610 4
6617 4
6618 4
6620 6
6621 4
6632 6
6632 10
6633 4
6633 8
6634 6
6634 10
6635 4
6635 8
6636 6
6637 4
6638 6
6639 4
6651 4
6652 4
6652 10
6653 8
6654 6
6655 4
6658 4
6668 8
6669 6
6670 4
6676 4
6683 4
6684 4
6686 6
6687 4
6698 6
6698 10
6699 4
6699 8
6700 6
6700 10
6701 4
6701 8
6702 6
6703 4
6704 6
6705 4
6719 6
6720 4
6721 6
6722 4
6734 4
6735 4
6735 10
6736 8
6737 6
6738 4
6741 4
6751 6
6751 10
6752 4
6752 8
6753 6
6753 10
6754 4
6754 8
6755 6
6756 4
6757 6
6758 4
6773 4
6774 4
6776 6
6777 4
6788 6
6788 10
6789 4
6789 8
6790 6
6790 10
6791 4
6791 8
6792 6
6793 4
6794 6
6795 4
6807 4
6808 4
6808 10
6809 8
6810 6
6811 4
6814 4
6824 8
6825 6
6826 4
6832 4
6839 4
6840 4
6842 6
6843 4
6854 6
6854 10
6855 4
6855 8
6856 6
6856 10
6857 4
6857 8
6858 6
6859 4
6860 6
6861 4
6875 6
6876 4
6877 6
6878 4
6890 4
6891 4
6891 10
6892 8
6893 6
6894 4
6897 4
6907 6
6907 10
6908 4
6908 8
6909 6
6909 10
6910 4
6910 8
6911 6
6912 4
6913 6
6914 4
6929 4
6930 4
6932 6
6933 4
6944 6
6944 10
6945 4
6945 8
6946 6
6946 10
6947 4
6947 8
6948 6
6949 4
6950 6
6951 4
6963 4
6964 4
6964 10
6965 8
6966 6
6967 4
6970 4
6985 4
6992 4
6993 4
6995 6
6996 4
7007 6
7008 4
7015 4
7016 4
7018 6
7019 4
7030 6
7030 10
7031 4
7031 8
7032 6
7032 10
7033 4
7033 8
7034 6
7035 4
7036 6
7037 4
7049 4
7050 4
7050 10
7051 8
7052 6
7053 4
7056 4
7066 8
7067 6
7068 4
7074 4
7081 4
7082 4
7084 6
7085 4
7104 6
7105 4
7106 6
7107 4
7119 4
7120 4
7120 10
7121 8
7122 6
7123 4
7126 4
7136 6
7136 10
7137 4
7137 8
7138 6
7138 10
7139 4
7139 8
7140 6
7141 4
7142 6
7143 4
7158 4
7159 4
7161 6
7162 4
7173 6
7173 10
7174 4
7174 8
7175 6
7175 10
7176 4
7176 8
7177 6
7178 4
7179 6
7180 4
7192 4
7193 4
7193 10
7194 8
7195 6
7196 4
7199 4
7209 8
7210 6
7211 4
7217 4
7224 4
7225 4
7227 6
7228 4
7239 6
7239 10
7240 4
7240 8
7241 6
7241 10
7242 4
7242 8
7243 6
7244 4
7245 6
7246 4
7260 6
7261 4
7262 6
7263 4
7275 4
7276 4
7276 10
7277 8
7278 6
7279 4
7282 4
7292 6
7292 10
7293 4
7293 8
7294 6
7294 10
7295 4
7295 8
7296 6
7297 4
7298 6
7299 4
7314 4
7315 4
7317 6
7318 4
7329 6
7329 10
7330 4
7330 8
7331 6
7331 10
7332 4
7332 8
7333 6
7334 4
7335 6
7336 4
7348 4
7349 4
7349 10
7350 8
7351 6
7352 4
7355 4
7370 4
7377 4
7378 4
7380 6
7381 4
7392 6
7393 4
7400 4
7401 4
7403 6
7404 4
7415 6
7415 10
7416 4
7416 8
7417 6
7417 10
7418 4
7418 8
7419 6
7420 4
7421 6
7422 4
7434 4
7435 4
7435 10
7436 8
7437 6
7438 4
7441 4
7451 8
7452 6
7453 4
7459 4
7466 4
7467 4
7469 6
7470 4
7481 6
7481 10
7482 4
7482 8
7483 6
7483 10
7484 4
7484 8
7485 6
7486 4
7487 6
7488 4
7502 6
7503 4
7504 6
7505 4
7517 4
7518 4
7518 10
7519 8
7520 6
7521 4
7524 4
7534 6
7534 10
7535 4
7535 8
7536 6
7536 10
7537 4
7537 8
7538 6
7539 4
7540 6
7541 4
7556 4
7557 4
7559 6
7560 4
7571 6
7571 10
7572 4
7572 8
7573 6
7573 10
7574 4
7574 8
7575 6
7576 4
7577 6
7578 4
7590 4
7591 4
7591 10
7592 8
7593 6
7594 4
7597 4
7607 8
7608 6
7609 4
7615 4
7622 4
7623 4
7625 6
7626 4
7637 6
7637 10
7638 4
7638 8
7639 6
7639 10
7640 4
7640 8
7641 6
7642 4
7643 6
7644 4
7658 6
7659 4
7660 6
7661 4
7673 4
7674 4
7674 10
7675 8
7676 6
7677 4
7680 4
7690 6
7690 10
7691 4
7691 8
7692 6
7692 10
7693 4
7693 8
7694 6
7695 4
7696 6
7697 4
7712 4
7713 4
7715 6
7716 4
7727 6
7727 10
7728 4
7728 8
7729 6
7729 10
7730 4
7730 8
7731 6
7732 4
7733 6
7734 4
7746 4
7747 4
7747 10
7748 8
7749 6
7750 4
7753 4
7764 6
7765 4
7773 6
7774 4
7781 4
7782 4
7784 6
7785 4
7796 6
7796 10
7797 4
7797 8
7798 6
7798 10
7799 4
7799 8
7800 6
7801 4
7802 6
7803 4
7815 4
7816 4
7816 10
7817 8
7818 6
7819 4
7822 4
7832 8
7833 6
7834 4
7840 4
7847 4
7848 4
7850 6
7851 4
7862 6
7862 10
7863 4
7863 8
7864 6
7864 10
7865 4
7865 8
7866 6
7867 4
7868 6
7869 4
7883 6
7884 4
7885 6
7886 4
7898 4
7899 4
7899 10
7900 8
7901 6
7902 4
7905 4
7915 6
7915 10
7916 4
7916 8
7917 6
7917 10
7918 4
7918 8
7919 6
7920 4
7921 6
7922 4
7937 4
7938 4
7940 6
7941 4
7952 6
7952 10
7953 4
7953 8
7954 6
7954 10
7955 4
7955 8
7956 6
7957 4
7958 6
7959 4
7971 4
7972 4
7972 10
7973 8
7974 6
7975 4
7978 4
7988 8
7989 6
7990 4
7996 4
8003 4
8004 4
8006 6
8007 4
8018 6
8018 10
8019 4
8019 8
8020 6
8020 10
8021 4
8021 8
8022 6
8023 4
8024 6
8025 4
8039 6
8039 10
8040 4
8040 8
8041 6
8041 10
8042 4
8042 8
8043 6
8044 4
8045 6
8046 4
8058 4
8059 4
8059 10
8060 8
8061 6
8062 4
8065 4
8080 4
8087 4
8088 4
8090 6
8091 4
8102 6
8103 4
8110 4
8111 4
8113 6
8114 4
8125 6
8125 10
8126 4
8126 8
8127 6
8127 10
8128 4
8128 8
8129 6
8130 4
8131 6
8132 4
8144 4
8145 4
8145 10
8146 8
8147 6
8148 4
8151 4
8161 8
8162 6
8163 4
8169 4
8176 4
8177 4
8179 6
8180 4
8191 6
8191 10
8192 4
8192 8
8193 6
8193 10
8194 4
8194 8
8195 6
8196 4
8197 6
8198 4
8212 6
8213 4
8214 6
8215 4
8227 4
8228 4
8228 10
8229 8
8230 6
8231 4
8234 4
8244 6
8244 10
8245 4
8245 8
8246 6
8246 10
8247 4
8247 8
8248 6
8249 4
8250 6
8251 4
8266 4
8267 4
8269 6
8270 4
8281 6
8281 10
8282 4
8282 8
8283 6
8283 10
8284 4
8284 8
8285 6
8286 4
8287 6
8288 4
8300 4
8301 4
8301 10
8302 8
8303 6
8304 4
8307 4
8317 8
8318 6
8319 4
8325 4
8332 4
8333 4
8335 6
8336 4
8347 6
8347 10
8348 4
8348 8
8349 6
8349 10
8350 4
8350 8
8351 6
8352 4
8353 6
8354 4
8368 6
8369 4
8370 6
8371 4
8383 4
8384 4
8384 10
8385 8
8386 6
8387 4
8390 4
8400 6
8400 10
8401 4
8401 8
8402 6
8402 10
8403 4
8403 8
8404 6
8405 4
8406 6
8407 4
8422 4
8423 4
8425 6
8426 4
8437 6
8437 10
8438 4
8438 8
8439 6
8439 10
8440 4
8440 8
8441 6
8442 4
8443 6
8444 4
8456 4
8457 4
8457 10
8458 8
8459 6
8460 4
8463 4
8474 6
8475 4
8483 6
8484 4
8491 4
8492 4
8494 6
8495 4
8506 6
8506 10
8507 4
8507 8
8508 6
8508 10
8509 4
8509 8
8510 6
8511 4
8512 6
8513 4
8525 4
8526 4
8526 10
8527 8
8528 6
8529 4
8532 4
8542 8
8543 6
8544 4
8550 4
8557 4
8558 4
8560 6
8561 4
8572 6
8572 10
8573 4
8573 8
8574 6
8574 10
8575 4
8575 8
8576 6
8577 4
8578 6
8579 4
8593 6
8594 4
8595 6
8596 4
8608 4
8609 4
8609 10
8610 8
8611 6
8612 4
8615 4
8625 6
8625 10
8626 4
8626 8
8627 6
8627 10
8628 4
8628 8
8629 6
8630 4
8631 6
8632 4
8647 4
8648 4
8650 6
8651 4
8662 6
8662 10
8663 4
8663 8
8664 6
8664 10
8665 4
8665 8
8666 6
8667 4
8668 6
8669 4
8681 4
8682 4
8682 10
8683 8
8684 6
8685 4
8688 4
8698 8
8699 6
8700 4
8706 4
8713 4
8714 4
8716 6
8717 4
8728 6
8728 10
8729 4
8729 8
8730 6
8730 10
8731 4
8731 8
8732 6
8733 4
8734 6
8735 4
8749 6
8750 4
8751 6
8752 4
8764 4
8765 4
8765 10
8766 8
8767 6
8768 4
8771 4
8781 6
8781 10
8782 4
8782 8
8783 6
8783 10
8784 4
8784 8
8785 6
8786 4
8787 6
8788 4
8803 4
8804 4
8806 6
8807 4
8818 6
8818 10
8819 4
8819 8
8820 6
8820 10
8821 4
8821 8
8822 6
8823 4
8824 6
8825 4
8837 4
8838 4
8838 10
8839 8
8840 6
8841 4
8844 4
8855 6
8856 4
8864 6
8865 4
8872 4
8873 4
8875 6
8876 4
8887 6
8887 10
8888 4
8888 8
8889 6
8889 10
8890 4
8890 8
8891 6
8892 4
8893 6
8894 4
8906 4
8907 4
8907 10
8908 8
8909 6
8910 4
8913 4
8923 8
8924 6
8925 4
8931 4
8938 4
8939 4
8941 6
8942 4
8953 6
8953 10
8954 4
8954 8
8955 6
8955 10
8956 4
8956 8
8957 6
8958 4
8959 6
8960 4
8974 6
8975 4
8976 6
8977 4
8989 4
8990 4
8990 10
8991 8
8992 6
8993 4
8996 4
9006 6
9006 10
9007 4
9007 8
9008 6
9008 10
9009 4
9009 8
9010 6
9011 4
9012 6
9013 4
9028 4
9029 4
9031 6
9032 4
9043 6
9043 10
9044 4
9044 8
9045 6
9045 10
9046 4
9046 8
9047 6
9048 4
9049 6
9050 4
9062 4
9063 4
9063 10
9064 8
9065 6
9066 4
9069 4
9079 8
9080 6
9081 4
9087 4
9094 4
9095 4
9097 6
9098 4
9109 6
9109 10
9110 4
9110 8
9111 6
9111 10
9112 4
9112 8
9113 6
9114 4
9115 6
9116 4
9129 4
9138 6
9139 4
9146 4
9147 4
9149 6
9150 4
9161 6
9161 10
9162 4
9162 8
9163 6
9163 10
9164 4
9164 8
9165 6
9166 4
9167 6
9168 4
9180 4
9181 4
9181 10
9182 8
9183 6
9184 4
9187 4
9197 8
9198 6
9199 4
9205 4
9212 4
9213 4
9215 6
9216 4
9227 6
9227 10
9228 4
9228 8
9229 6
9229 10
9230 4
9230 8
9231 6
9232 4
9233 6
9234 4
9248 6
9249 4
9250 6
9251 4
9263 4
9264 4
9264 10
9265 8
9266 6
9267 4
9270 4
9280 6
9280 10
9281 4
9281 8
9282 6
9282 10
9283 4
9283 8
9284 6
9285 4
9286 6
9287 4
9302 4
9303 4
9305 6
9306 4
9317 6
9317 10
9318 4
9318 8
9319 6
9319 10
9320 4
9320 8
9321 6
9322 4
9323 6
9324 4
9336 4
9337 4
9337 10
9338 8
9339 6
9340 4
9343 4
9353 8
9354 6
9355 4
9361 4
9368 4
9369 4
9371 6
9372 4
9383 6
9383 10
9384 4
9384 8
9385 6
9385 10
9386 4
9386 8
9387 6
9388 4
9389 6
9390 4
9404 6
9405 4
9406 6
9407 4
9419 4
9420 4
9420 10
9421 8
9422 6
9423 4
9426 4
9436 6
9436 10
9437 4
9437 8
9438 6
9438 10
9439 4
9439 8
9440 6
9441 4
9442 6
9443 4
9458 4
9459 4
9461 6
9462 4
9473 6
9473 10
9474 4
9474 8
9475 6
9475 10
9476 4
9476 8
9477 6
9478 4
9479 6
9480 4
9492 4
9493 4
9493 10
9494 8
9495 6
9496 4
9499 4
9514 4
9521 4
9522 4
9524 6
9525 4
9536 6
9537 4
9544 4
9545 4
9547 6
9548 4
9559 6
9559 10
9560 4
9560 8
9561 6
9561 10
9562 4
9562 8
9563 6
9564 4
9565 6
9566 4
9578 4
9579 4
9579 10
9580 8
9581 6
9582 4
9585 4
9595 8
9596 6
9597 4
9603 4
9610 4
9611 4
9613 6
9614 4
9625 6
9625 10
9626 4
9626 8
9627 6
9627 10
9628 4
9628 8
9629 6
9630 4
9631 6
9632 4
9646 6
9647 4
9648 6
9649 4
9661 4
9662 4
9662 10
9663 8
9664 6
9665 4
9668 4
9678 6
9678 10
9679 4
9679 8
9680 6
9680 10
9681 4
9681 8
9682 6
9683 4
9684 6
9685 4
9700 4
9701 4
9703 6
9704 4
9715 6
9715 10
9716 4
9716 8
9717 6
9717 10
9718 4
9718 8
9719 6
9720 4
9721 6
9722 4
9734 4
9735 4
9735 10
9736 8
9737 6
9738 4
9741 4
9751 8
9752 6
9753 4
9759 4
9766 4
9767 4
9769 6
9770 4
9781 6
9781 10
9782 4
9782 8
9783 6
9783 10
9784 4
9784 8
9785 6
9786 4
9787 6
9788 4
9802 6
9803 4
9804 6
9805 4
9817 4
9818 4
9818 10
9819 8
9820 6
9821 4
9824 4
9834 6
9834 10
9835 4
9835 8
9836 6
9836 10
9837 4
9837 8
9838 6
9839 4
9840 6
9841 4
9856 4
9857 4
9859 6
9860 4
9871 6
9871 10
9872 4
9872 8
9873 6
9873 10
9874 4
9874 8
9875 6
9876 4
9877 6
9878 4
9890 4
9891 4
9891 10
9892 8
9893 6
9894 4
9897 4
9912 4
9919 4
9920 4
9922 6
9923 4
9934 6
9935 4
9942 4
9943 4
9945 6
9946 4
9957 6
9957 10
9958 4
9958 8
9959 6
9959 10
9960 4
9960 8
9961 6
9962 4
9963 6
9964 4
9976 4
9977 4
9977 10
9978 8
9979 6
9980 4
9983 4
9993 8
9994 6
9995 4
10001 4
10008 4
10009 4
10011 6
10012 4
10031 6
10032 4
10033 6
10034 4
10046 4
10047 4
10047 10
10048 8
10049 6
10050 4
10053 4
10063 6
10063 10
10064 4
10064 8
10065 6
10065 10
10066 4
10066 8
10067 6
10068 4
10069 6
10070 4
10085 4
10086 4
10088 6
10089 4
10100 6
10100 10
10101 4
10101 8
10102 6
10102 10
10103 4
10103 8
10104 6
10105 4
10106 6
10107 4
10119 4
10120 4
10120 10
10121 8
10122 6
10123 4
10126 4
10136 8
10137 6
10138 4
10144 4
10151 4
10152 4
10154 6
10155 4
10166 6
10166 10
10167 4
10167 8
10168 6
10168 10
10169 4
10169 8
10170 6
10171 4
10172 6
10173 4
10187 6
10188 4
10189 6
10190 4
10202 4
10203 4
10203 10
10204 8
10205 6
10206 4
10209 4
10219 6
10219 10
10220 4
10220 8
10221 6
10221 10
10222 4
10222 8
10223 6
10224 4
10225 6
10226 4
10241 4
10242 4
10244 6
10245 4
10256 6
10256 10
10257 4
10257 8
10258 6
10258 10
10259 4
10259 8
10260 6
10261 4
10262 6
10263 4
10275 4
10276 4
10276 10
10277 8
10278 6
10279 4
10282 4
10297 4
10304 4
10305 4
10307 6
10308 4
10319 6
10320 4
10327 4
10328 4
10330 6
10331 4
10342 6
10342 10
10343 4
10343 8
10344 6
10344 10
10345 4
10345 8
10346 6
10347 4
10348 6
10349 4
10361 4
10362 4
10362 10
10363 8
10364 6
10365 4
10368 4
10378 8
10379 6
10380 4
10386 4
10393 4
10394 4
10396 6
10397 4
10408 6
10408 10
10409 4
10409 8
10410 6
10410 10
10411 4
10411 8
10412 6
10413 4
10414 6
10415 4
10429 6
10430 4
10431 6
10432 4
10444 4
10445 4
10445 10
10446 8
10447 6
10448 4
10451 4
10461 6
10461 10
10462 4
10462 8
10463 6
10463 10
10464 4
10464 8
10465 6
10466 4
10467 6
10468 4
10483 4
10484 4
10486 6
10487 4
10498 6
10498 10
10499 4
10499 8
10500 6
10500 10
10501 4
10501 8
10502 6
10503 4
10504 6
10505 4
10517 4
10518 4
10518 10
10519 8
10520 6
10521 4
10524 4
10534 8
10535 6
10536 4
10542 4
10549 4
10550 4
10552 6
10553 4
10564 6
10564 10
10565 4
10565 8
10566 6
10566 10
10567 4
10567 8
10568 6
10569 4
10570 6
10571 4
10585 6
10586 4
10587 6
10588 4
10600 4
10601 4
10601 10
10602 8
10603 6
10604 4
10607 4
10617 6
10617 10
10618 4
10618 8
10619 6
10619 10
10620 4
10620 8
10621 6
10622 4
10623 6
10624 4
10639 4
10640 4
10642 6
10643 4
10654 6
10654 10
10655 4
10655 8
10656 6
10656 10
10657 4
10657 8
10658 6
10659 4
10660 6
10661 4
10673 4
10674 4
10674 10
10675 8
10676 6
10677 4
10680 4
10691 6
10692 4
10700 6
10701 4
10708 4
10709 4
10711 6
10712 4
10723 6
10723 10
10724 4
10724 8
10725 6
10725 10
10726 4
10726 8
10727 6
10728 4
10729 6
10730 4
10742 4
10743 4
10743 10
10744 8
10745 6
10746 4
10749 4
10759 8
10760 6
10761 4
10767 4
10774 4
10775 4
10777 6
10778 4
10789 6
10789 10
10790 4
10790 8
10791 6
10791 10
10792 4
10792 8
10793 6
10794 4
10795 6
10796 4
10810 6
10811 4
10812 6
10813 4
10825 4
10826 4
10826 10
10827 8
10828 6
10829 4
10832 4
10842 6
10842 10
10843 4
10843 8
10844 6
10844 10
10845 4
10845 8
10846 6
10847 4
10848 6
10849 4
10864 4
10865 4
10867 6
10868 4
10879 6
10879 10
10880 4
10880 8
10881 6
10881 10
10882 4
10882 8
10883 6
10884 4
10885 6
10886 4
10898 4
10899 4
10899 10
10900 8
10901 6
10902 4
10905 4
10915 8
10916 6
10917 4
10923 4
10930 4
10931 4
10933 6
10934 4
10945 6
10945 10
10946 4
10946 8
10947 6
10947 10
10948 4
10948 8
10949 6
10950 4
10951 6
10952 4
10966 6
10966 10
10967 4
10967 8
10968 6
10968 10
10969 4
10969 8
10970 6
10971 4
10972 6
10973 4
10985 4
10986 4
10986 10
10987 8
10988 6
10989 4
10992 4
11007 4
11014 4
11015 4
11017 6
11018 4
11029 6
11030 4
11037 4
11038 4
11040 6
11041 4
11052 6
11052 10
11053 4
11053 8
11054 6
11054 10
11055 4
11055 8
11056 6
11057 4
11058 6
11059 4
11071 4
11072 4
11072 10
11073 8
11074 6
11075 4
11078 4
11088 8
11089 6
11090 4
11096 4
11103 4
11104 4
11106 6
11107 4
11118 6
11118 10
11119 4
11119 8
11120 6
11120 10
11121 4
11121 8
11122 6
11123 4
11124 6
11125 4
11139 6
11140 4
11141 6
11142 4
11154 4
11155 4
11155 10
11156 8
11157 6
11158 4
11161 4
11171 6
11171 10
11172 4
11172 8
11173 6
11173 10
11174 4
11174 8
11175 6
11176 4
11177 6
11178 4
11193 4
11194 4
11196 6
11197 4
11208 6
11208 10
11209 4
11209 8
11210 6
11210 10
11211 4
11211 8
11212 6
11213 4
11214 6
11215 4
11227 4
11228 4
11228 10
11229 8
11230 6
11231 4
11234 4
11244 8
11245 6
11246 4
11252 4
11259 4
11260 4
11262 6
11263 4
11274 6
11274 10
11275 4
11275 8
11276 6
11276 10
11277 4
11277 8
11278 6
11279 4
11280 6
11281 4
11295 6
11296 4
11297 6
11298 4
11310 4
11311 4
11311 10
11312 8
11313 6
11314 4
11317 4
11327 6
11327 10
11328 4
11328 8
11329 6
11329 10
11330 4
11330 8
11331 6
11332 4
11333 6
11334 4
11349 4
11350 4
11352 6
11353 4
11364 6
11364 10
11365 4
11365 8
11366 6
11366 10
11367 4
11367 8
11368 6
11369 4
11370 6
11371 4
11383 4
11384 4
11384 10
11385 8
11386 6
11387 4
11390 4
11401 6
11402 4
11410 6
11411 4
11418 4
11419 4
11421 6
11422 4
11433 6
11433 10
11434 4
11434 8
11435 6
11435 10
11436 4
11436 8
11437 6
11438 4
11439 6
11440 4
11452 4
11453 4
11453 10
11454 8
11455 6
11456 4
11459 4
11469 8
11470 6
11471 4
11477 4
11484 4
11485 4
11487 6
11488 4
11499 6
11499 10
11500 4
11500 8
11501 6
11501 10
11502 4
11502 8
11503 6
11504 4
11505 6
11506 4
11520 6
11521 4
11522 6
11523 4
11535 4
11536 4
11536 10
11537 8
11538 6
11539 4
11542 4
11552 6
11552 10
11553 4
11553 8
11554 6
11554 10
11555 4
11555 8
11556 6
11557 4
11558 6
11559 4
11574 4
11575 4
11577 6
11578 4
11589 6
11589 10
11590 4
11590 8
11591 6
11591 10
11592 4
11592 8
11593 6
11594 4
11595 6
11596 4
11608 4
11609 4
11609 10
11610 8
11611 6
11612 4
11615 4
11625 8
11626 6
11627 4
11633 4
11640 4
11641 4
11643 6
11644 4
11655 6
11655 10
11656 4
11656 8
11657 6
11657 10
11658 4
11658 8
11659 6
11660 4
11661 6
11662 4
11676 6
11677 4
11678 6
11679 4
11691 4
11692 4
11692 10
11693 8
11694 6
11695 4
11698 4
11708 6
11708 10
11709 4
11709 8
11710 6
11710 10
11711 4
11711 8
11712 6
11713 4
11714 6
11715 4
11730 4
11731 4
11733 6
11734 4
11745 6
11745 10
11746 4
11746 8
11747 6
11747 10
11748 4
11748 8
11749 6
11750 4
11751 6
11752 4
11764 4
11765 4
11765 10
11766 8
11767 6
11768 4
11771 4
11782 6
11783 4
11791 6
11792 4
11799 4
11800 4
11802 6
11803 4
11814 6
11814 10
11815 4
11815 8
11816 6
11816 10
11817 4
11817 8
11818 6
11819 4
11820 6
11821 4
11833 4
11834 4
11834 10
11835 8
11836 6
11837 4
11840 4
11850 8
11851 6
11852 4
11858 4
11865 4
11866 4
11868 6
11869 4
11880 6
11880 10
11881 4
11881 8
11882 6
11882 10
11883 4
11883 8
11884 6
11885 4
11886 6
11887 4
11901 6
11902 4
11903 6
11904 4
11916 4
11917 4
11917 10
11918 8
11919 6
11920 4
11923 4
11933 6
11933 10
11934 4
11934 8
11935 6
11935 10
11936 4
11936 8
11937 6
11938 4
11939 6
11940 4
11955 4
11956 4
11958 6
11959 4
11970 6
11970 10
11971 4
11971 8
11972 6
11972 10
11973 4
11973 8
11974 6
11975 4
11976 6
11977 4
11989 4
11990 4
11990 10
11991 8
11992 6
11993 4
11996 4
12006 8
12007 6
12008 4
12014 4
12021 4
12022 4
12024 6
12025 4
12036 6
12036 10
12037 4
12037 8
12038 6
12038 10
12039 4
12039 8
12040 6
12041 4
12042 6
12043 4
12056 4
12065 6
12066 4
12073 4
12074 4
12076 6
12077 4
12088 6
12088 10
12089 4
12089 8
12090 6
12090 10
12091 4
12091 8
12092 6
12093 4
12094 6
12095 4
12107 4
12108 4
12108 10
12109 8
12110 6
12111 4
12114 4
12124 8
12125 6
12126 4
12132 4
12139 4
12140 4
12142 6
12143 4
12154 6
12154 10
12155 4
12155 8
12156 6
12156 10
12157 4
12157 8
12158 6
12159 4
12160 6
12161 4
12175 6
12176 4
12177 6
12178 4
12190 4
12191 4
12191 10
12192 8
12193 6
12194 4
12197 4
12207 6
12207 10
12208 4
12208 8
12209 6
12209 10
12210 4
12210 8
12211 6
12212 4
12213 6
12214 4
12229 4
12230 4
12232 6
12233 4
12244 6
12244 10
12245 4
12245 8
12246 6
12246 10
12247 4
12247 8
12248 6
12249 4
12250 6
12251 4
12263 4
12264 4
12264 10
12265 8
12266 6
12267 4
12270 4
12280 8
12281 6
12282 4
12288 4
12295 4
12296 4
12298 6
12299 4
12310 6
12310 10
12311 4
12311 8
12312 6
12312 10
12313 4
12313 8
12314 6
12315 4
12316 6
12317 4
12331 6
12332 4
12333 6
12334 4
12346 4
12347 4
12347 10
12348 8
12349 6
12350 4
12353 4
12363 6
12363 10
12364 4
12364 8
12365 6
12365 10
12366 4
12366 8
12367 6
12368 4
12369 6
12370 4
12385 4
12386 4
12388 6
12389 4
12400 6
12400 10
12401 4
12401 8
12402 6
12402 10
12403 4
12403 8
12404 6
12405 4
12406 6
12407 4
12419 4
12420 4
12420 10
12421 8
12422 6
12423 4
12426 4
12441 4
12448 4
12449 4
12451 6
12452 4
12463 6
12464 4
12471 4
12472 4
12474 6
12475 4
12486 6
12486 10
12487 4
12487 8
12488 6
12488 10
12489 4
12489 8
12490 6
12491 4
12492 6
12493 4
12505 4
12506 4
12506 10
12507 8
12508 6
12509 4
12512 4
12522 8
12523 6
12524 4
12530 4
12537 4
12538 4
12540 6
12541 4
12552 6
12552 10
12553 4
12553 8
12554 6
12554 10
12555 4
12555 8
12556 6
12557 4
12558 6
12559 4
12573 6
12574 4
12575 6
12576 4
12588 4
12589 4
12589 10
12590 8
12591 6
12592 4
12595 4
12605 6
12605 10
12606 4
12606 8
12607 6
12607 10
12608 4
12608 8
12609 6
12610 4
12611 6
12612 4
12627 4
12628 4
12630 6
12631 4
12642 6
12642 10
12643 4
12643 8
12644 6
12644 10
12645 4
12645 8
12646 6
12647 4
12648 6
12649 4
12661 4
12662 4
12662 10
12663 8
12664 6
12665 4
12668 4
12678 8
12679 6
12680 4
12686 4
12693 4
12694 4
12696 6
12697 4
12708 6
12708 10
12709 4
12709 8
12710 6
12710 10
12711 4
12711 8
12712 6
12713 4
12714 6
12715 4
12729 6
12730 4
12731 6
12732 4
12744 4
12745 4
12745 10
12746 8
12747 6
12748 4
12751 4
12761 6
12761 10
12762 4
12762 8
12763 6
12763 10
12764 4
12764 8
12765 6
12766 4
12767 6
12768 4
12783 4
12784 4
12786 6
12787 4
12798 6
12798 10
12799 4
12799 8
12800 6
12800 10
12801 4
12801 8
12802 6
12803 4
12804 6
12805 4
12817 4
12818 4
12818 10
12819 8
12820 6
12821 4
12824 4
12839 4
12846 4
12847 4
12849 6
12850 4
12861 6
12862 4
12869 4
12870 4
12872 6
12873 4
12884 6
12884 10
12885 4
12885 8
12886 6
12886 10
12887 4
12887 8
12888 6
12889 4
12890 6
12891 4
12903 4
12904 4
12904 10
12905 8
12906 6
12907 4
12910 4
12920 8
12921 6
12922 4
12928 4
12935 4
12936 4
12938 6
12939 4
12950 6
12950 10
12951 4
12951 8
12952 6
12952 10
12953 4
12953 8
12954 6
12955 4
12956 6
12957 4
12971 6
12972 4
12973 6
12974 4
12986 4
12987 4
12987 10
12988 8
12989 6
12990 4
12993 4
13003 6
13003 10
13004 4
13004 8
13005 6
13005 10
13006 4
13006 8
13007 6
13008 4
13009 6
13010 4
13025 4
13026 4
13028 6
13029 4
13040 6
13040 10
13041 4
13041 8
13042 6
13042 10
13043 4
13043 8
13044 6
13045 4
13046 6
13047 4
13059 4
13060 4
13060 10
13061 8
13062 6
13063 4
13066 4
13076 8
13077 6
13078 4
13084 4
13091 4
13092 4
13094 6
13095 4
13106 6
13106 10
13107 4
13107 8
13108 6
13108 10
13109 4
13109 8
13110 6
13111 4
13112 6
13113 4
13127 6
13128 4
13129 6
13130 4
13142 4
13143 4
13143 10
13144 8
13145 6
13146 4
13149 4
13159 6
13159 10
13160 4
13160 8
13161 6
13161 10
13162 4
13162 8
13163 6
13164 4
13165 6
13166 4
13181 4
13182 4
13184 6
13185 4
13196 6
13196 10
13197 4
13197 8
13198 6
13198 10
13199 4
13199 8
13200 6
13201 4
13202 6
13203 4
13215 4
13216 4
13216 10
13217 8
13218 6
13219 4
13222 4
13233 6
13234 4
13242 6
13243 4
13250 4
13251 4
13253 6
13254 4
13265 6
13265 10
13266 4
13266 8
13267 6
13267 10
13268 4
13268 8
13269 6
13270 4
13271 6
13272 4
13284 4
13285 4
13285 10
13286 8
13287 6
13288 4
13291 4
13301 8
13302 6
13303 4
13309 4
13316 4
13317 4
13319 6
13320 4
13331 6
13331 10
13332 4
13332 8
13333 6
13333 10
13334 4
13334 8
13335 6
13336 4
13337 6
13338 4
13352 6
13353 4
13354 6
13355 4
13367 4
13368 4
13368 10
13369 8
13370 6
13371 4
13374 4
13384 6
13384 10
13385 4
13385 8
13386 6
13386 10
13387 4
13387 8
13388 6
13389 4
13390 6
13391 4
13406 4
13407 4
13409 6
13410 4
13421 6
13421 10
13422 4
13422 8
13423 6
13423 10
13424 4
13424 8
13425 6
13426 4
13427 6
13428 4
13440 4
13441 4
13441 10
13442 8
13443 6
13444 4
13447 4
13457 8
13458 6
13459 4
13465 4
13472 4
13473 4
13475 6
13476 4
13487 6
13487 10
13488 4
13488 8
13489 6
13489 10
13490 4
13490 8
13491 6
13492 4
13493 6
13494 4
13508 6
13508 10
13509 4
13509 8
13510 6
13510 10
13511 4
13511 8
13512 6
13513 4
13514 6
13515 4
13527 4
13528 4
13528 10
13529 8
13530 6
13531 4
13534 4
13549 4
13556 4
13557 4
13559 6
13560 4
13571 6
13572 4
13579 4
13580 4
13582 6
13583 4
13594 6
13594 10
13595 4
13595 8
13596 6
13596 10
13597 4
13597 8
13598 6
13599 4
13600 6
13601 4
13613 4
13614 4
13614 10
13615 8
13616 6
13617 4
13620 4
13630 8
13631 6
13632 4
13638 4
13645 4
13646 4
13648 6
13649 4
13660 6
13660 10
13661 4
13661 8
13662 6
13662 10
13663 4
13663 8
13664 6
13665 4
13666 6
13667 4
13681 6
13682 4
13683 6
13684 4
13696 4
13697 4
13697 10
13698 8
13699 6
13700 4
13703 4
13713 6
13713 10
13714 4
13714 8
13715 6
13715 10
13716 4
13716 8
13717 6
13718 4
13719 6
13720 4
13735 4
13736 4
13738 6
13739 4
13750 6
13750 10
13751 4
13751 8
13752 6
13752 10
13753 4
13753 8
13754 6
13755 4
13756 6
13757 4
13769 4
13770 4
13770 10
13771 8
13772 6
13773 4
13776 4
13786 8
13787 6
13788 4
13794 4
13801 4
13802 4
13804 6
13805 4
13816 6
13816 10
13817 4
13817 8
13818 6
13818 10
13819 4
13819 8
13820 6
13821 4
13822 6
13823 4
13837 6
13838 4
13839 6
13840 4
13852 4
13853 4
13853 10
13854 8
13855 6
13856 4
13859 4
13869 6
13869 10
13870 4
13870 8
13871 6
13871 10
13872 4
13872 8
13873 6
13874 4
13875 6
13876 4
13891 4
13892 4
13894 6
13895 4
13906 6
13906 10
13907 4
13907 8
13908 6
13908 10
13909 4
13909 8
13910 6
13911 4
13912 6
13913 4
13925 4
13926 4
13926 10
13927 8
13928 6
13929 4
13932 4
13943 6
13944 4
13952 6
13953 4
13960 4
13961 4
13963 6
13964 4
13975 6
13975 10
13976 4
13976 8
13977 6
13977 10
13978 4
13978 8
13979 6
13980 4
13981 6
13982 4
13994 4
13995 4
13995 10
13996 8
13997 6
13998 4
14001 4
14011 8
14012 6
14013 4
14019 4
14026 4
14027 4
14029 6
14030 4
14041 6
14041 10
14042 4
14042 8
14043 6
14043 10
14044 4
14044 8
14045 6
14046 4
14047 6
14048 4
14062 6
14063 4
14064 6
14065 4
14077 4
14078 4
14078 10
14079 8
14080 6
14081 4
14084 4
14094 6
14094 10
14095 4
14095 8
14096 6
14096 10
14097 4
14097 8
14098 6
14099 4
14100 6
14101 4
14116 4
14117 4
14119 6
14120 4
14131 6
14131 10
14132 4
14132 8
14133 6
14133 10
14134 4
14134 8
14135 6
14136 4
14137 6
14138 4
14150 4
14151 4
14151 10
14152 8
14153 6
14154 4
14157 4
14167 8
14168 6
14169 4
14175 4
14182 4
14183 4
14185 6
14186 4
14197 6
14197 10
14198 4
14198 8
14199 6
14199 10
14200 4
14200 8
14201 6
14202 4
14203 6
14204 4
14218 6
14219 4
14220 6
14221 4
14233 4
14234 4
14234 10
14235 8
14236 6
14237 4
14240 4
14250 6
14250 10
14251 4
14251 8
14252 6
14252 10
14253 4
14253 8
14254 6
14255 4
14256 6
14257 4
14272 4
14273 4
14275 6
14276 4
14287 6
14287 10
14288 4
14288 8
14289 6
14289 10
14290 4
14290 8
14291 6
14292 4
14293 6
14294 4
14306 4
14307 4
14307 10
14308 8
14309 6
14310 4
14313 4
14324 6
14325 4
14333 6
14334 4
14341 4
14342 4
14344 6
14345 4
14356 6
14356 10
14357 4
14357 8
14358 6
14358 10
14359 4
14359 8
14360 6
14361 4
14362 6
14363 4
14375 4
14376 4
14376 10
14377 8
14378 6
14379 4
14382 4
14392 8
14393 6
14394 4
14400 4
14407 4
14408 4
14410 6
14411 4
14422 6
14422 10
14423 4
14423 8
14424 6
14424 10
14425 4
14425 8
14426 6
14427 4
14428 6
14429 4
14443 6
14444 4
14445 6
14446 4
14458 4
14459 4
14459 10
14460 8
14461 6
14462 4
14465 4
14475 6
14475 10
14476 4
14476 8
14477 6
14477 10
14478 4
14478 8
14479 6
14480 4
14481 6
14482 4
14497 4
14498 4
14500 6
14501 4
14512 6
14512 10
14513 4
14513 8
14514 6
14514 10
14515 4
14515 8
14516 6
14517 4
14518 6
14519 4
14531 4
14532 4
14532 10
14533 8
14534 6
14535 4
14538 4
14548 8
14549 6
14550 4
14556 4
14563 4
14564 4
14566 6
14567 4
14578 6
14578 10
14579 4
14579 8
14580 6
14580 10
14581 4
14581 8
14582 6
14583 4
14584 6
14585 4
14598 4
14607 6
14608 4
14615 4
14616 4
14618 6
14619 4
14630 6
14630 10
14631 4
14631 8
14632 6
14632 10
14633 4
14633 8
14634 6
14635 4
14636 6
14637 4
14649 4
14650 4
14650 10
14651 8
14652 6
14653 4
14656 4
14666 8
14667 6
14668 4
14674 4
14681 4
14682 4
14684 6
14685 4
14696 6
14696 10
14697 4
14697 8
14698 6
14698 10
14699 4
14699 8
14700 6
14701 4
14702 6
14703 4
14717 6
14718 4
14719 6
14720 4
14732 4
14733 4
14733 10
14734 8
14735 6
14736 4
14739 4
14749 6
14749 10
14750 4
14750 8
14751 6
14751 10
14752 4
14752 8
14753 6
14754 4
14755 6
14756 4
14771 4
14772 4
14774 6
14775 4
14786 6
14786 10
14787 4
14787 8
14788 6
14788 10
14789 4
14789 8
14790 6
14791 4
14792 6
14793 4
14805 4
14806 4
14806 10
14807 8
14808 6
14809 4
14812 4
14822 8
14823 6
14824 4
14830 4
14837 4
14838 4
14840 6
14841 4
14852 6
14852 10
14853 4
14853 8
14854 6
14854 10
14855 4
14855 8
14856 6
14857 4
14858 6
14859 4
14873 6
14874 4
14875 6
14876 4
14888 4
14889 4
14889 10
14890 8
14891 6
14892 4
14895 4
14905 6
14905 10
14906 4
14906 8
14907 6
14907 10
14908 4
14908 8
14909 6
14910 4
14911 6
14912 4
14927 4
14928 4
14930 6
14931 4
14942 6
14942 10
14943 4
14943 8
14944 6
14944 10
14945 4
14945 8
14946 6
14947 4
14948 6
14949 4
14961 4
14962 4
14962 10
14963 8
14964 6
14965 4
14968 4
14983 4
14990 4
14991 4
14993 6
14994 4
15005 6
15006 4
15013 4
15014 4
15016 6
15017 4
15028 6
15028 10
15029 4
15029 8
15030 6
15030 10
15031 4
15031 8
15032 6
15033 4
15034 6
15035 4
15047 4
15048 4
15048 10
15049 8
15050 6
15051 4
15054 4
15064 8
15065 6
15066 4
15072 4
15079 4
15080 4
15082 6
15083 4
15094 6
15094 10
15095 4
15095 8
15096 6
15096 10
15097 4
15097 8
15098 6
15099 4
15100 6
15101 4
15115 6
15116 4
15117 6
15118 4
15130 4
15131 4
15131 10
15132 8
15133 6
15134 4
15137 4
15147 6
15147 10
15148 4
15148 8
15149 6
15149 10
15150 4
15150 8
15151 6
15152 4
15153 6
15154 4
15169 4
15170 4
15172 6
15173 4
15184 6
15184 10
15185 4
15185 8
15186 6
15186 10
15187 4
15187 8
15188 6
15189 4
15190 6
15191 4
15203 4
15204 4
15204 10
15205 8
15206 6
15207 4
15210 4
15220 8
15221 6
15222 4
15228 4
15235 4
15236 4
15238 6
15239 4
15250 6
15250 10
15251 4
15251 8
15252 6
15252 10
15253 4
15253 8
15254 6
15255 4
15256 6
15257 4
15271 6
15272 4
15273 6
15274 4
15286 4
15287 4
15287 10
15288 8
15289 6
15290 4
15293 4
15303 6
15303 10
15304 4
15304 8
15305 6
15305 10
15306 4
15306 8
15307 6
15308 4
15309 6
15310 4
15325 4
15326 4
15328 6
15329 4
15340 6
15340 10
15341 4
15341 8
15342 6
15342 10
15343 4
15343 8
15344 6
15345 4
15346 6
15347 4
15359 4
15360 4
15360 10
15361 8
15362 6
15363 4
15366 4
15381 4
15388 4
15389 4
15391 6
15392 4
15403 6
15404 4
15411 4
15412 4
15414 6
15415 4
15426 6
15426 10
15427 4
15427 8
15428 6
15428 10
15429 4
15429 8
15430 6
15431 4
15432 6
15433 4
15445 4
15446 4
15446 10
15447 8
15448 6
15449 4
15452 4
15462 8
15463 6
15464 4
15470 4
15477 4
15478 4
15480 6
15481 4
15492 6
15492 10
15493 4
15493 8
15494 6
15494 10
15495 4
15495 8
15496 6
15497 4
15498 6
15499 4
15513 6
15514 4
15515 6
15516 4
15528 4
15529 4
15529 10
15530 8
15531 6
15532 4
15535 4
15545 6
15545 10
15546 4
15546 8
15547 6
15547 10
15548 4
15548 8
15549 6
15550 4
15551 6
15552 4
15567 4
15568 4
15570 6
15571 4
15582 6
15582 10
15583 4
15583 8
15584 6
15584 10
15585 4
15585 8
15586 6
15587 4
15588 6
15589 4
15601 4
15602 4
15602 10
15603 8
15604 6
15605 4
15608 4
15618 8
15619 6
15620 4
15626 4
15633 4
15634 4
15636 6
15637 4
15648 6
15648 10
15649 4
15649 8
15650 6
15650 10
15651 4
15651 8
15652 6
15653 4
15654 6
15655 4
15669 6
15670 4
15671 6
15672 4
15684 4
15685 4
15685 10
15686 8
15687 6
15688 4
15691 4
15701 6
15701 10
15702 4
15702 8
15703 6
15703 10
15704 4
15704 8
15705 6
15706 4
15707 6
15708 4
15723 4
15724 4
15726 6
15727 4
15738 6
15738 10
15739 4
15739 8
15740 6
15740 10
15741 4
15741 8
15742 6
15743 4
15744 6
15745 4
15757 4
15758 4
15758 10
15759 8
15760 6
15761 4
15764 4
15775 6
15776 4
15784 6
15785 4
15792 4
15793 4
15795 6
15796 4
15807 6
15807 10
15808 4
15808 8
15809 6
15809 10
15810 4
15810 8
15811 6
15812 4
15813 6
15814 4
15826 4
15827 4
15827 10
15828 8
15829 6
15830 4
15833 4
15843 8
15844 6
15845 4
15851 4
15858 4
15859 4
15861 6
15862 4
15873 6
15873 10
15874 4
15874 8
15875 6
15875 10
15876 4
15876 8
15877 6
15878 4
15879 6
15880 4
15894 6
15895 4
15896 6
15897 4
15909 4
15910 4
15910 10
15911 8
15912 6
15913 4
15916 4
15926 6
15926 10
15927 4
15927 8
15928 6
15928 10
15929 4
15929 8
15930 6
15931 4
15932 6
15933 4
15948 4
15949 4
15951 6
15952 4
15963 6
15963 10
15964 4
15964 8
15965 6
15965 10
15966 4
15966 8
15967 6
15968 4
15969 6
15970 4
15982 4
15983 4
15983 10
15984 8
15985 6
15986 4
15989 4
15999 8
16000 6
16001 4
16007 4
16014 4
16015 4
16017 6
16018 4
16029 6
16029 10
16030 4
16030 8
16031 6
16031 10
16032 4
16032 8
16033 6
16034 4
16035 6
16036 4
16050 6
16051 4
16052 6
16053 4
16072 4
16079 4
16080 4
16082 6
16083 4
16094 6
16095 4
16102 4
16103 4
16105 6
16106 4
16117 6
16117 10
16118 4
16118 8
16119 6
16119 10
16120 4
16120 8
16121 6
16122 4
16123 6
16124 4
16136 4
16137 4
16137 10
16138 8
16139 6
16140 4
16143 4
16153 8
16154 6
16155 4
16161 4
16168 4
16169 4
16171 6
16172 4
16183 6
16183 10
16184 4
16184 8
16185 6
16185 10
16186 4
16186 8
16187 6
16188 4
16189 6
16190 4
16204 6
16205 4
16206 6
16207 4
16219 4
16220 4
16220 10
16221 8
16222 6
16223 4
16226 4
16236 6
16236 10
16237 4
16237 8
16238 6
16238 10
16239 4
16239 8
16240 6
16241 4
16242 6
16243 4
16258 4
16259 4
16261 6
16262 4
16273 6
16273 10
16274 4
16274 8
16275 6
16275 10
16276 4
16276 8
16277 6
16278 4
16279 6
16280 4
16292 4
16293 4
16293 10
16294 8
16295 6
16296 4
16299 4
16309 8
16310 6
16311 4
16317 4
16324 4
16325 4
16327 6
16328 4
16339 6
16339 10
16340 4
16340 8
16341 6
16341 10
16342 4
16342 8
16343 6
16344 4
16345 6
16346 4
16360 6
16361 4
16362 6
16363 4
16375 4
16376 4
16376 10
16377 8
16378 6
16379 4
16382 4
16392 6
16392 10
16393 4
16393 8
16394 6
16394 10
16395 4
16395 8
16396 6
16397 4
16398 6
16399 4
16414 4
16415 4
16417 6
16418 4
16429 6
16429 10
16430 4
16430 8
16431 6
16431 10
16432 4
16432 8
16433 6
16434 4
16435 6
16436 4
16448 4
16449 4
16449 10
16450 8
16451 6
16452 4
16455 4
16470 4
16477 4
16478 4
16480 6
16481 4
16492 6
16493 4
16500 4
16501 4
16503 6
16504 4
16515 6
16515 10
16516 4
16516 8
16517 6
16517 10
16518 4
16518 8
16519 6
16520 4
16521 6
16522 4
16534 4
16535 4
16535 10
16536 8
16537 6
16538 4
16541 4
16551 8
16552 6
16553 4
16559 4
16566 4
16567 4
16569 6
16570 4
16581 6
16581 10
16582 4
16582 8
16583 6
16583 10
16584 4
16584 8
16585 6
16586 4
16587 6
16588 4
16602 6
16603 4
16604 6
16605 4
16617 4
16618 4
16618 10
16619 8
16620 6
16621 4
16624 4
16634 6
16634 10
16635 4
16635 8
16636 6
16636 10
16637 4
16637 8
16638 6
16639 4
16640 6
16641 4
16656 4
16657 4
16659 6
16660 4
16671 6
16671 10
16672 4
16672 8
16673 6
16673 10
16674 4
16674 8
16675 6
16676 4
16677 6
16678 4
16690 4
16691 4
16691 10
16692 8
16693 6
16694 4
16697 4
16707 8
16708 6
16709 4
16715 4
16722 4
16723 4
16725 6
16726 4
16737 6
16737 10
16738 4
16738 8
16739 6
16739 10
16740 4
16740 8
16741 6
16742 4
16743 6
16744 4
16758 6
16759 4
16760 6
16761 4
16773 4
16774 4
16774 10
16775 8
16776 6
16777 4
16780 4
16790 6
16790 10
16791 4
16791 8
16792 6
16792 10
16793 4
16793 8
16794 6
16795 4
16796 6
16797 4
16812 4
16813 4
16815 6
16816 4
16827 6
16827 10
16828 4
16828 8
16829 6
16829 10
16830 4
16830 8
16831 6
16832 4
16833 6
16834 4
16846 4
16847 4
16847 10
16848 8
16849 6
16850 4
16853 4
16864 6
16865 4
16873 6
16874 4
16881 4
16882 4
16884 6
16885 4
16896 6
16896 10
16897 4
16897 8
16898 6
16898 10
16899 4
16899 8
16900 6
16901 4
16902 6
16903 4
16915 4
16916 4
16916 10
16917 8
16918 6
16919 4
16922 4
16932 8
16933 6
16934 4
16940 4
16947 4
16948 4
16950 6
16951 4
16962 6
16962 10
16963 4
16963 8
16964 6
16964 10
16965 4
16965 8
16966 6
16967 4
16968 6
16969 4
16983 6
16984 4
16985 6
16986 4
16998 4
16999 4
16999 10
17000 8
17001 6
17002 4
17005 4
17015 6
17015 10
17016 4
17016 8
17017 6
17017 10
17018 4
17018 8
17019 6
17020 4
17021 6
17022 4
17037 4
17038 4
17040 6
17041 4
17052 6
17052 10
17053 4
17053 8
17054 6
17054 10
17055 4
17055 8
17056 6
17057 4
17058 6
17059 4
17071 4
17072 4
17072 10
17073 8
17074 6
17075 4
17078 4
17088 8
17089 6
17090 4
17096 4
17103 4
17104 4
17106 6
17107 4
17118 6
17118 10
17119 4
17119 8
17120 6
17120 10
17121 4
17121 8
17122 6
17123 4
17124 6
17125 4
17139 6
17140 4
17141 6
17142 4
17154 4
17155 4
17155 10
17156 8
17157 6
17158 4
17161 4
17171 6
17171 10
17172 4
17172 8
17173 6
17173 10
17174 4
17174 8
17175 6
17176 4
17177 6
17178 4
17193 4
17194 4
17196 6
17197 4
17208 6
17208 10
17209 4
17209 8
17210 6
17210 10
17211 4
17211 8
17212 6
17213 4
17214 6
17215 4
17227 4
17228 4
17228 10
17229 8
17230 6
17231 4
17234 4
17245 6
17246 4
17254 6
17255 4
17262 4
17263 4
17265 6
17266 4
17277 6
17277 10
17278 4
17278 8
17279 6
17279 10
17280 4
17280 8
17281 6
17282 4
17283 6
17284 4
17296 4
17297 4
17297 10
17298 8
17299 6
17300 4
17303 4
17313 8
17314 6
17315 4
17321 4
17328 4
17329 4
17331 6
17332 4
17343 6
17343 10
17344 4
17344 8
17345 6
17345 10
17346 4
17346 8
17347 6
17348 4
17349 6
17350 4
17364 6
17365 4
17366 6
17367 4
17379 4
17380 4
17380 10
17381 8
17382 6
17383 4
17386 4
17396 6
17396 10
17397 4
17397 8
17398 6
17398 10
17399 4
17399 8
17400 6
17401 4
17402 6
17403 4
17418 4
17419 4
17421 6
17422 4
17433 6
17433 10
17434 4
17434 8
17435 6
17435 10
17436 4
17436 8
17437 6
17438 4
17439 6
17440 4
17452 4
17453 4
17453 10
17454 8
17455 6
17456 4
17459 4
17469 8
17470 6
17471 4
17477 4
17484 4
17485 4
17487 6
17488 4
17499 6
17499 10
17500 4
17500 8
17501 6
17501 10
17502 4
17502 8
17503 6
17504 4
17505 6
17506 4
17520 6
17521 4
17522 6
17523 4
17535 4
17536 4
17536 10
17537 8
17538 6
17539 4
17542 4
17552 6
17552 10
17553 4
17553 8
17554 6
17554 10
17555 4
17555 8
17556 6
17557 4
17558 6
17559 4
17574 4
17575 4
17577 6
17578 4
17589 6
17589 10
17590 4
17590 8
17591 6
17591 10
17592 4
17592 8
17593 6
17594 4
17595 6
17596 4
17608 4
17609 4
17609 10
17610 8
17611 6
17612 4
17615 4
17625 8
17626 6
17627 4
17633 4
17640 4
17641 4
17643 6
17644 4
17655 6
17655 10
17656 4
17656 8
17657 6
17657 10
17658 4
17658 8
17659 6
17660 4
17661 6
17662 4
17676 6
17677 4
17678 6
17679 4
17691 4
17692 4
17692 10
17693 8
17694 6
17695 4
17698 4
17708 6
17708 10
17709 4
17709 8
17710 6
17710 10
17711 4
17711 8
17712 6
17713 4
17714 6
17715 4
17724 6
17724 10
17725 4
17725 8
17726 6
17727 4
17728 6
17729 4
17741 4
17742 4
17742 10
17743 8
17744 6
17745 4
17748 4
17758 8
17759 6
17760 4
17766 4
17773 4
17774 4
17776 6
17777 4
17788 6
17788 10
17789 4
17789 8
17790 6
17790 10
17791 4
17791 8
17792 6
17793 4
17794 6
17795 4
17809 6
17810 4
17811 6
17812 4
17824 4
17825 4
17825 10
17826 8
17827 6
17828 4
17831 4
17841 6
17841 10
17842 4
17842 8
17843 6
17843 10
17844 4
17844 8
17845 6
17846 4
17847 6
17848 4
17860 4
17861 4
17863 6
17864 4
17875 6
17875 10
17876 4
17876 8
17877 6
17877 10
17878 4
17878 8
17879 6
17880 4
17881 6
17882 4
17894 4
17895 4
17895 10
17896 8
17897 6
17898 4
17901 4
17916 4
17923 4
17924 4
17926 6
17927 4
17938 6
17939 4
17946 4
17947 4
17949 6
17950 4
17961 6
17961 10
17962 4
17962 8
17963 6
17963 10
17964 4
17964 8
17965 6
17966 4
17967 6
17968 4
17980 4
17981 4
17981 10
17982 8
17983 6
17984 4
17987 4
17997 8
17998 6
17999 4
18005 4
18012 4
18013 4
18015 6
18016 4
18027 6
18027 10
18028 4
18028 8
18029 6
18029 10
18030 4
18030 8
18031 6
18032 4
18033 6
18034 4
18048 6
18049 4
18050 6
18051 4
18063 4
18064 4
18064 10
18065 8
18066 6
18067 4
18070 4
18080 6
18080 10
18081 4
18081 8
18082 6
18082 10
18083 4
18083 8
18084 6
18085 4
18086 6
18087 4
18102 4
18103 4
18105 6
18106 4
18117 6
18117 10
18118 4
18118 8
18119 6
18119 10
18120 4
18120 8
18121 6
18122 4
18123 6
18124 4
18136 4
18137 4
18137 10
18138 8
18139 6
18140 4
18143 4
18153 8
18154 6
18155 4
18161 4
18168 4
18169 4
18171 6
18172 4
18183 6
18183 10
18184 4
18184 8
18185 6
18185 10
18186 4
18186 8
18187 6
18188 4
18189 6
18190 4
18204 6
18205 4
18206 6
18207 4
18219 4
18220 4
18220 10
18221 8
18222 6
18223 4
18226 4
18236 6
18236 10
18237 4
18237 8
18238 6
18238 10
18239 4
18239 8
18240 6
18241 4
18242 6
18243 4
18258 4
18259 4
18261 6
18262 4
18273 6
18273 10
18274 4
18274 8
18275 6
18275 10
18276 4
18276 8
18277 6
18278 4
18279 6
18280 4
18292 4
18293 4
18293 10
18294 8
18295 6
18296 4
18299 4
18310 6
18311 4
18319 6
18320 4
18327 4
18328 4
18330 6
18331 4
18342 6
18342 10
18343 4
18343 8
18344 6
18344 10
18345 4
18345 8
18346 6
18347 4
18348 6
18349 4
18361 4
18362 4
18362 10
18363 8
18364 6
18365 4
18368 4
18378 8
18379 6
18380 4
18386 4
18393 4
18394 4
18396 6
18397 4
18408 6
18408 10
18409 4
18409 8
18410 6
18410 10
18411 4
18411 8
18412 6
18413 4
18414 6
18415 4
18429 6
18430 4
18431 6
18432 4
18444 4
18445 4
18445 10
18446 8
18447 6
18448 4
18451 4
18461 6
18461 10
18462 4
18462 8
18463 6
18463 10
18464 4
18464 8
18465 6
18466 4
18467 6
18468 4
18483 4
18484 4
18486 6
18487 4
18498 6
18498 10
18499 4
18499 8
18500 6
18500 10
18501 4
18501 8
18502 6
18503 4
18504 6
18505 4
18517 4
18518 4
18518 10
18519 8
18520 6
18521 4
18524 4
18534 8
18535 6
18536 4
18542 4
18549 4
18550 4
18552 6
18553 4
18564 6
18564 10
18565 4
18565 8
18566 6
18566 10
18567 4
18567 8
18568 6
18569 4
18570 6
18571 4
18585 6
18586 4
18587 6
18588 4
18600 4
18601 4
18601 10
18602 8
18603 6
18604 4
18607 4
18617 6
18617 10
18618 4
18618 8
18619 6
18619 10
18620 4
18620 8
18621 6
18622 4
18623 6
18624 4
18639 4
18640 4
18642 6
18643 4
18654 6
18654 10
18655 4
18655 8
18656 6
18656 10
18657 4
18657 8
18658 6
18659 4
18660 6
18661 4
18673 4
18674 4
18674 10
18675 8
18676 6
18677 4
18680 4
18691 6
18692 4
18700 6
18701 4
18708 4
18709 4
18711 6
18712 4
18723 6
18723 10
18724 4
18724 8
18725 6
18725 10
18726 4
18726 8
18727 6
18728 4
18729 6
18730 4
18742 4
18743 4
18743 10
18744 8
18745 6
18746 4
18749 4
18759 8
18760 6
18761 4
18767 4
18774 4
18775 4
18777 6
18778 4
18789 6
18789 10
18790 4
18790 8
18791 6
18791 10
18792 4
18792 8
18793 6
18794 4
18795 6
18796 4
18810 6
18811 4
18812 6
18813 4
18825 4
18826 4
18826 10
18827 8
18828 6
18829 4
18832 4
18842 6
18842 10
18843 4
18843 8
18844 6
18844 10
18845 4
18845 8
18846 6
18847 4
18848 6
18849 4
18864 4
18865 4
18867 6
18868 4
18879 6
18879 10
18880 4
18880 8
18881 6
18881 10
18882 4
18882 8
18883 6
18884 4
18885 6
18886 4
18898 4
18899 4
18899 10
18900 8
18901 6
18902 4
18905 4
18915 8
18916 6
18917 4
18923 4
18930 4
18931 4
18933 6
18934 4
18945 6
18945 10
18946 4
18946 8
18947 6
18947 10
18948 4
18948 8
18949 6
18950 4
18951 6
18952 4
18966 6
18967 4
18968 6
18969 4
18981 4
18982 4
18982 10
18983 8
18984 6
18985 4
18988 4
18998 6
18998 10
18999 4
18999 8
19000 6
19000 10
19001 4
19001 8
19002 6
19003 4
19004 6
19005 4
19020 4
19021 4
19023 6
19024 4
19035 6
19035 10
19036 4
19036 8
19037 6
19037 10
19038 4
19038 8
19039 6
19040 4
19041 6
19042 4
19054 4
19055 4
19055 10
19056 8
19057 6
19058 4
19061 4
19071 8
19072 6
19073 4
19079 4
19086 4
19087 4
19089 6
19090 4
19101 6
19101 10
19102 4
19102 8
19103 6
19103 10
19104 4
19104 8
19105 6
19106 4
19107 6
19108 4
19122 6
19123 4
19124 6
19125 4
19137 4
19138 4
19138 10
19139 8
19140 6
19141 4
19144 4
19154 6
19154 10
19155 4
19155 8
19156 6
19156 10
19157 4
19157 8
19158 6
19159 4
19160 6
19161 4
19170 6
19170 10
19171 4
19171 8
19172 6
19173 4
19174 6
19175 4
19187 4
19188 4
19188 10
19189 8
19190 6
19191 4
19194 4
19204 8
19205 6
19206 4
19212 4
19219 4
19220 4
19222 6
19223 4
19234 6
19234 10
19235 4
19235 8
19236 6
19236 10
19237 4
19237 8
19238 6
19239 4
19240 6
19241 4
19255 6
19256 4
19257 6
19258 4
19270 4
19271 4
19271 10
19272 8
19273 6
19274 4
19277 4
19287 6
19287 10
19288 4
19288 8
19289 6
19289 10
19290 4
19290 8
19291 6
19292 4
19293 6
19294 4
19306 4
19307 4
19309 6
19310 4